A=[5 -2 3; 2 -3 4; 3 4 -8]
(A<0) = 0
